	  

let _arr = {
	"1":[
			[9, 1, 8, 7, 1, 6, 5, 4, 3, 8, 1, 1, 8, 7, 5], [6, 5, 1, 8, 3, 1, 9, 4, 3, 7, 6, 4, 7, 5, 5], [1, 8, 7, 1, 6, 6, 5, 5, 5, 3, 3, 4, 8, 7, 6], 
		 	[8, 6, 1, 5, 1, 4, 3, 7, 7, 7, 4, 6, 9, 5, 1], [1, 7, 3, 4, 1, 8, 8, 5, 5, 4, 7, 3, 5, 9, 1], [3, 3, 1, 5, 5, 1, 6, 7, 5, 4, 3, 8, 9, 9, 6],
		 	[1, 5, 7, 1, 6, 7, 8, 4, 3, 8, 8, 9, 4, 1, 5], [4, 1, 4, 6, 6, 1, 7, 8, 3, 5, 6, 6, 7, 8, 9], [0, 1, 0, 1, 0, 0, 0, 0, 0, 0, 0, 0, 0, 0, 0]
		],

	"3":[
			[0, 1, 0, 0, 1, 0, 0, 1, 0, 0, 0, 0, 0, 0, 0], [0, 0, 1, 0, 0, 1, 0, 0, 1, 0, 0, 0, 0, 0, 0], [1, 0, 0, 1, 0, 0, 1, 0, 0, 0, 0, 0, 0, 0, 0], 
		 	[0, 0, 1, 0, 1, 0, 1, 0, 0, 0, 0, 0, 0, 0, 0], [1, 0, 0, 0, 1, 0, 0, 0, 1, 0, 0, 0, 0, 0, 0], [0, 0, 1, 0, 0, 1, 0, 1, 0, 0, 0, 0, 0, 0, 0],
		 	[1, 0, 0, 1, 0, 0, 0, 1, 0, 0, 0, 0, 0, 0, 0], [0, 1, 0, 0, 0, 1, 0, 1, 0, 0, 0, 0, 0, 0, 0], [0, 1, 0, 1, 0, 0, 0, 1, 0, 0, 0, 0, 0, 0, 0]
		],
		   
	"15":[	 
			[0, 1, 0, 0, 1, 0, 0, 1, 0, 0, 1, 0, 0, 0, 0], [0, 0, 1, 0, 0, 1, 0, 0, 1, 0, 0, 1, 0, 0, 0], [1, 0, 0, 1, 0, 0, 1, 0, 0, 1, 0, 0, 0, 0, 0], 
		 	[0, 0, 1, 0, 1, 0, 1, 0, 0, 0, 1, 0, 0, 0, 0], [1, 0, 0, 0, 1, 0, 0, 0, 1, 0, 1, 0, 0, 0, 0], [0, 0, 1, 0, 0, 1, 0, 1, 0, 1, 0, 0, 0, 0, 0],
		 	[1, 0, 0, 1, 0, 0, 0, 1, 0, 0, 0, 1, 0, 0, 0], [0, 1, 0, 0, 0, 1, 0, 1, 0, 1, 0, 0, 0, 0, 0], [0, 1, 0, 1, 0, 0, 0, 1, 0, 0, 0, 1, 0, 0, 0]
		],

	"15":[	 0  1  2  3  4  5  6  7  8  9 10 11 12 13 14    0  1  2  3  4  5  6  7  8  9 10 11 12 13 14    0  1  2  3  4  5  6  7  8  9 10 11 12 13 14 
			[0, 1, 0, 0, 1, 0, 0, 1, 0, 0, 1, 0, 0, 1, 0], [0, 0, 1, 0, 0, 1, 0, 0, 1, 0, 0, 1, 0, 0, 1], [1, 0, 0, 1, 0, 0, 1, 0, 0, 1, 0, 0, 1, 0, 0], 
		 	[0, 0, 1, 0, 1, 0, 1, 0, 0, 0, 1, 0, 0, 0, 1], [1, 0, 0, 0, 1, 0, 0, 0, 1, 0, 1, 0, 1, 0, 0], [0, 0, 1, 0, 0, 1, 0, 1, 0, 1, 0, 0, 1, 0, 0],
		 	[1, 0, 0, 1, 0, 0, 0, 1, 0, 0, 0, 1, 0, 0, 1], [0, 1, 0, 0, 0, 1, 0, 1, 0, 1, 0, 0, 0, 1, 0], [0, 1, 0, 1, 0, 0, 0, 1, 0, 0, 0, 1, 0, 1, 0]
		],
}





